423	
12	
138	
148	
342	
60	
606	
808	
990	
675	
893	
277	
592	
741	
519	
499	
641	
338	
925	
435	
798	
74	
790	
151	
65	
700	
440	
60	
549	
844	
689	
234	
643	
557	
475	
365	
988	
198	
849	
161	
125	
802	
410	
837	
663	
285	
510	
736	
201	
40	
757	
320	
284	
622	
962	
191	
117	
514	
679	
383	
226	
207	
18	
848	
921	
914	
730	
174	
987	
975	
560	
729	
639	
63	
679	
552	
990	
935	
450	
936	
651	
459	
959	
633	
900	
59	
592	
268	
182	
224	
570	
105	
457	
765	
53	
415	
460	
838	
319	
77	
736	
130	
455	
439	
414	
116	
34	
36	
467	
140	
405	
193	
946	
311	
238	
878	
587	
222	
9	
130	
824	
246	
931	
689	
951	
413	
27	
307	
95	
610	
148	
535	
561	
842	
121	
40	
310	
755	
768	
75	
633	
630	
966	
451	
279	
996	
117	
428	
469	
526	
464	
550	
102	
249	
44	
121	
315	
866	
787	
714	
114	
777	
586	
65	
732	
291	
689	
453	
190	
799	
808	
810	
491	
590	
732	
511	
766	
585	
21	
4	
488	
990	
806	
784	
701	
989	
849	
183	
12	
603	
964	
31	
295	
953	
198	
346	
45	
968	
478	
748	
419	
199	
325	
389	
470	
420	
45	
779	
38	
916	
361	
808	
845	
418	
979	
80	
460	
181	
962	
724	
669	
393	
790	
94	
645	
38	
749	
263	
338	
119	
106	
738	
336	
990	
515	
664	
941	
510	
322	
86	
608	
260	
308	
644	
369	
453	
159	
387	
149	
682	
289	
390	
662	
830	
603	
143	
744	
124	
545	
279	
688	
66	
74	
456	
620	
117	
832	
689	
655	
7	
961	
211	
125	
385	
349	
405	
113	
910	
207	
698	
265	
68	
715	
937	
491	
998	
245	
565	
713	
579	
940	
842	
447	
764	
106	
666	
900	
33	
537	
245	
290	
130	
970	
161	
782	
508	
365	
517	
225	
195	
429	
123	
54	
617	
543	
834	
680	
939	
205	
138	
287	
313	
144	
150	
861	
752	
60	
394	
297	
638	
801	
406	
439	
917	
948	
289	
850	
207	
94	
360	
166	
254	
897	
854	
996	
777	
515	
440	
751	
803	
649	
535	
138	
749	
892	
456	
37	
185	
696	
285	
831	
770	
767	
136	
714	
237	
201	
134	
891	
896	
829	
337	
309	
704	
307	
460	
760	
733	
455	
236	
14	
936	
865	
287	
194	
978	
52	
171	
478	
215	
643	
647	
149	
321	
493	
751	
680	
477	
719	
315	
442	
317	
779	
118	
159	
118	
934	
492	
424	
313	
688	
266	
877	
507	
585	
835	
721	
274	
203	
252	
948	
336	
338	
401	
719	
294	
292	
910	
665	
585	
682	
414	
751	
791	
231	
314	
908	
757	
844	
516	
477	
801	
768	
142	
54	
307	
879	
530	
42	
8	
41	
364	
809	
530	
216	
669	
222	
332	
921	
638	
537	
640	
716	
916	
384	
104	
893	
389	
498	
760	
221	
541	
359	
633	
871	
710	
458	
558	
358	
411	
584	
105	
57	
428	
106	
809	
539	
432	
372	
985	
539	
582	
723	
854	
178	
11	
829	
315	
494	
802	
856	
60	
710	
712	
705	
732	
396	
755	
30	
24	
721	
457	
589	
389	
256	
318	
665	
389	
337	
211	
549	
934	
45	
720	
66	
22	
398	
480	
631	
549	
343	
389	
83	
5	
855	
915	
627	
52	
164	
73	
263	
806	
967	
191	
468	
511	
670	
936	
993	
503	
108	
961	
751	
848	
564	
539	
467	
783	
202	
800	
684	
745	
947	
922	
643	
152	
702	
157	
934	
609	
279	
548	
610	
539	
903	
914	
130	
744	
180	
874	
389	
757	
378	
897	
585	
542	
449	
51	
173	
146	
17	
778	
326	
404	
587	
476	
349	
871	
971	
77	
873	
607	
452	
227	
666	
334	
323	
364	
270	
550	
227	
93	
456	
701	
778	
59	
27	
473	
84	
683	
857	
527	
421	
419	
595	
253	
408	
248	
243	
573	
69	
518	
442	
699	
765	
538	
676	
154	
622	
444	
82	
667	
40	
349	
611	
85	
572	
632	
729	
784	
29	
894	
785	
363	
911	
949	
813	
659	
457	
411	
697	
669	
246	
506	
765	
868	
386	
995	
483	
45	
782	
855	
861	
195	
933	
92	
411	
764	
950	
323	
245	
693	
807	
266	
305	
703	
674	
48	
303	
554	
649	
934	
873	
102	
553	
735	
864	
71	
430	
89	
302	
367	
549	
868	
319	
73	
44	
91	
708	
624	
107	
927	
981	
528	
737	
735	
395	
79	
331	
198	
733	
186	
348	
788	
315	
911	
938	
613	
10	
652	
64	
266	
523	
519	
786	
721	
166	
393	
44	
82	
512	
858	
187	
465	
633	
881	
244	
703	
48	
79	
698	
438	
199	
546	
748	
57	
958	
548	
688	
149	
946	
884	
392	
594	
611	
475	
825	
730	
325	
371	
846	
312	
722	
650	
42	
179	
990	
863	
262	
113	
397	
845	
353	
90	
866	
128	
236	
833	
431	
239	
822	
323	
300	
46	
70	
307	
756	
937	
151	
537	
234	
460	
79	
989	
648	
365	
315	
927	
417	
682	
420	
592	
402	
546	
147	
366	
603	
69	
589	
92	
734	
253	
803	
542	
570	
629	
677	
43	
671	
207	
72	
959	
346	
622	
609	
693	
784	
761	
557	
683	
69	
625	
827	
120	
791	
185	
617	
968	
52	
712	
789	
974	
303	
13	
52	
353	
677	
563	
553	
442	
556	
923	
92	
221	
192	
981	
83	
844	
58	
515	
459	
861	
949	
435	
308	
458	
578	
237	
178	
787	
314	
814	
82	
414	
282	
254	
621	
941	
263	
646	
635	
895	
900	
580	
635	
677	
434	
174	
997	
859	
543	
609	
11	
379	
856	
411	
476	
743	
126	
859	
798	
923	
444	
216	
21	
856	
146	
817	
380	
946	
381	
666	
508	
391	
40	
2	
534	
975	
653	
203	
783	
456	
111	
780	
126	
85	
518	
791	
351	
810	
59	
759	
258	
270	
371	
24	
985	
259	
441	
76	
284	
511	
584	
737	
956	
128	
506	
543	
225	
641	
786	
363	
786	
343	
167	
516	
634	
835	
575	
202	
582	
145	
712	
66	
945	
243	
485	
703	
9	
0	
238	
540	
310	
345	
605	
400	
337	
365	
946	
403	
751	
274	
269	
768	
168	
50	
161	
993	
311	
314
