235	
390	
711	
527	
385	
468	
826	
796	
249	
856	
560	
477	
522	
852	
553	
604	
225	
371	
83	
688	
159	
280	
390	
812	
185	
63	
478	
945	
315	
501	
226	
698	
33	
504	
186	
65	
319	
820	
62	
75	
240	
879	
985	
770	
658	
994	
501	
502	
440	
580	
285	
477	
682	
545	
244	
377	
54	
499	
463	
71	
2	
999	
683	
573	
205	
41	
306	
912	
572	
218	
921	
926	
941	
311	
86	
466	
375	
14	
25	
191	
128	
932	
998	
715	
438	
702	
890	
43	
773	
106	
640	
839	
444	
867	
904	
632	
817	
230	
741	
118	
826	
571	
346	
682	
515	
695	
997	
861	
131	
239	
572	
658	
634	
48	
158	
434	
173	
460	
59	
567	
34	
9	
805	
479	
433	
368	
105	
304	
37	
895	
719	
84	
349	
170	
879	
212	
966	
239	
336	
386	
497	
774	
78	
73	
648	
796	
326	
551	
598	
579	
589	
751	
738	
945	
221	
814	
793	
101	
692	
69	
604	
281	
528	
396	
64	
995	
206	
255	
292	
377	
100	
804	
23	
792	
570	
903	
593	
897	
881	
587	
370	
935	
651	
560	
703	
32	
356	
228	
385	
235	
789	
829	
671	
51	
162	
22	
0	
652	
831	
126	
244	
111	
836	
760	
425	
674	
943	
744	
198	
866	
484	
38	
588	
690	
526	
150	
910	
724	
869	
965	
886	
274	
672	
622	
940	
814	
355	
922	
555	
424	
715	
485	
307	
604	
515	
605	
379	
925	
282	
644	
676	
175	
823	
937	
422	
753	
943	
78	
43	
898	
438	
881	
342	
778	
122	
825	
228	
251	
284	
209	
852	
489	
12	
629	
495	
923	
53	
879	
497	
916	
394	
824	
246	
424	
762	
314	
484	
565	
322	
439	
106	
483	
860	
757	
112	
796	
49	
880	
6	
872	
690	
162	
579	
865	
122	
743	
209	
297	
169	
446	
451	
951	
482	
256	
101	
432	
339	
950	
216	
282	
159	
69	
543	
734	
964	
902	
97	
775	
398	
15	
854	
171	
293	
426	
256	
774	
86	
270	
594	
698	
405	
970	
410	
369	
592	
94	
508	
188	
322	
138	
884	
766	
706	
866	
271	
917	
788	
168	
568	
126	
623	
977	
317	
475	
741	
444	
595	
20	
861	
315	
188	
281	
177	
558	
708	
839	
68	
63	
183	
295	
945	
35	
757	
376	
830	
598	
499	
318	
275	
381	
912	
389	
734	
955	
660	
666	
453	
220	
186	
839	
649	
180	
776	
478	
386	
472	
390	
579	
608	
120	
899	
553	
403	
4	
235	
302	
452	
531	
0	
745	
660	
114	
104	
658	
892	
922	
495	
836	
221	
733	
861	
246	
302	
582	
909	
814	
579	
752	
601	
92	
790	
470	
523	
677	
284	
32	
283	
387	
162	
614	
892	
161	
959	
471	
162	
171	
631	
457	
118	
215	
893	
802	
254	
50	
728	
967	
590	
14	
95	
481	
343	
161	
872	
163	
175	
584	
420	
65	
139	
355	
619	
47	
248	
586	
309	
390	
202	
818	
799	
857	
187	
688	
265	
634	
478	
992	
754	
223	
97	
53	
581	
845	
369	
859	
749	
796	
4	
450	
527	
568	
594	
677	
623	
342	
996	
138	
444	
65	
373	
222	
694	
888	
337	
119	
576	
414	
433	
644	
537	
106	
129	
138	
151	
367	
339	
279	
927	
565	
580	
362	
324	
285	
156	
743	
882	
712	
407	
87	
612	
191	
184	
713	
554	
58	
155	
292	
272	
610	
394	
27	
66	
917	
125	
747	
768	
644	
318	
330	
877	
321	
17	
996	
76	
766	
951	
398	
323	
648	
104	
417	
662	
976	
695	
725	
440	
675	
59	
198	
571	
24	
37	
682	
592	
106	
827	
648	
823	
655	
521	
493	
519	
929	
362	
442	
258	
860	
69	
941	
137	
536	
545	
762	
873	
624	
82	
815	
109	
297	
718	
693	
362	
144	
155	
410	
632	
527	
642	
607	
360	
274	
706	
760	
748	
608	
853	
635	
427	
321	
582	
306	
266	
850	
491	
274	
393	
142	
853	
378	
889	
822	
119	
630	
105	
45	
11	
250	
263	
670	
815	
825	
928	
7	
904	
162	
236	
87	
33	
398	
288	
727	
780	
233	
528	
961	
543	
478	
482	
980	
255	
233	
930	
622	
689	
545	
175	
420	
380	
413	
269	
651	
936	
587	
566	
218	
926	
109	
462	
940	
20	
369	
357	
64	
979	
726	
776	
680	
277	
124	
649	
664	
972	
441	
7	
147	
369	
976	
829	
660	
97	
472	
652	
952	
944	
432	
959	
924	
367	
891	
812	
434	
537	
678	
531	
783	
313	
121	
751	
325	
148	
526	
566	
159	
885	
366	
719	
953	
674	
6	
254	
316	
894	
848	
722	
930	
714	
611	
750	
847	
87	
174	
562	
426	
232	
533	
81	
160	
59	
362	
152	
500	
41	
443	
672	
507	
219	
287	
402	
776	
692	
426	
814	
196	
736	
805	
581	
345	
325	
906	
0	
978	
364	
815	
150	
848	
32	
903	
524	
268	
621	
387	
179	
330	
751	
254	
766	
405	
755	
899	
292	
712	
813	
653	
299	
156	
0	
64	
14	
758	
698	
870	
680	
155	
838	
484	
24	
82	
782	
60	
580	
158	
565	
516	
355	
1000	
884	
11	
129	
294	
858	
925	
313	
244	
520	
522	
934	
711	
22	
764	
73	
806	
208	
737	
355	
858	
532	
368	
256	
118	
547	
704	
458	
533	
83	
921	
13	
581	
939	
72	
774	
255	
40	
9	
299	
814	
21	
885	
972	
569	
703	
535	
235	
72	
551	
160	
582	
977	
433	
747	
715	
120	
360	
480	
356	
758	
300	
6	
507	
293	
877	
622	
97	
429	
93	
325	
670	
675	
496	
126	
551	
209	
428	
56	
580	
97	
537	
991	
562	
700	
710	
261	
509	
561	
778	
455	
250	
394	
962	
98	
741	
288	
875	
632	
368	
141	
368	
535	
696	
170	
121	
925	
922	
926	
580	
635	
643	
753	
854	
380	
311	
867	
382	
392	
468	
852	
63	
232	
867	
860	
622	
69	
877	
642	
568	
6	
0	
583	
152	
97	
914	
376	
95	
607	
541	
471	
574	
373	
820	
468	
837	
169	
361	
607	
380	
975	
845	
358	
265	
349	
240	
755	
16	
881	
110	
369	
435	
728	
713	
252	
441	
126	
514	
583	
752	
215	
229	
693	
214	
709	
43	
396
