563	
692	
333	
670	
199	
839	
237	
167	
180	
714	
847	
649	
565	
714	
424	
70	
244	
108	
755	
474	
986	
779	
326	
958	
342	
577	
177	
953	
975	
70	
579	
978	
809	
328	
711	
743	
5	
560	
35	
333	
112	
544	
959	
547	
80	
970	
517	
942	
535	
844	
817	
154	
678	
798	
741	
775	
286	
752	
936	
244	
296	
840	
62	
327	
715	
451	
760	
918	
146	
567	
900	
829	
575	
219	
901	
235	
732	
562	
993	
561	
447	
901	
726	
364	
34	
708	
374	
348	
966	
76	
725	
985	
478	
794	
980	
230	
235	
721	
331	
370	
625	
791	
364	
629	
683	
388	
523	
594	
430	
769	
588	
115	
666	
364	
546	
706	
426	
491	
699	
126	
760	
388	
142	
17	
333	
134	
520	
211	
18	
439	
206	
204	
182	
385	
614	
592	
833	
560	
686	
174	
568	
409	
498	
237	
846	
604	
237	
53	
174	
556	
277	
380	
654	
130	
487	
303	
940	
861	
299	
20	
524	
566	
292	
566	
816	
666	
311	
329	
766	
63	
793	
116	
164	
674	
655	
230	
680	
976	
821	
227	
291	
190	
518	
764	
451	
525	
658	
281	
876	
228	
192	
642	
269	
515	
629	
3	
487	
350	
363	
975	
170	
372	
706	
391	
401	
365	
671	
716	
772	
147	
545	
52	
614	
281	
185	
807	
199	
222	
965	
386	
842	
708	
535	
474	
70	
414	
496	
122	
171	
923	
376	
282	
245	
631	
374	
655	
307	
466	
612	
499	
228	
864	
646	
716	
788	
73	
112	
193	
814	
253	
752	
425	
520	
34	
71	
476	
909	
149	
693	
998	
18	
609	
427	
280	
864	
574	
395	
638	
329	
465	
70	
19	
886	
40	
146	
170	
792	
196	
620	
604	
198	
356	
560	
499	
270	
805	
241	
239	
178	
683	
366	
290	
409	
381	
955	
620	
71	
364	
674	
437	
326	
743	
581	
770	
514	
797	
836	
981	
62	
967	
512	
920	
932	
380	
370	
241	
977	
584	
708	
23	
292	
442	
900	
300	
477	
412	
166	
452	
536	
124	
693	
260	
142	
813	
570	
939	
58	
157	
832	
752	
634	
865	
289	
215	
691	
430	
291	
581	
410	
85	
399	
505	
512	
474	
672	
745	
371	
949	
996	
222	
280	
770	
295	
728	
804	
618	
770	
823	
718	
382	
769	
121	
128	
758	
557	
37	
174	
575	
79	
844	
756	
674	
377	
452	
626	
359	
888	
405	
329	
753	
324	
58	
691	
2	
703	
459	
197	
771	
955	
781	
148	
747	
741	
908	
734	
651	
580	
780	
181	
753	
183	
325	
567	
23	
94	
691	
343	
874	
979	
701	
709	
725	
763	
757	
58	
56	
652	
350	
257	
712	
946	
343	
967	
185	
21	
467	
555	
684	
944	
4	
66	
94	
605	
877	
692	
376	
553	
407	
372	
382	
556	
25	
557	
18	
600	
711	
224	
157	
155	
669	
312	
780	
665	
635	
829	
695	
854	
672	
504	
293	
832	
315	
624	
293	
599	
967	
243	
150	
284	
938	
293	
298	
603	
664	
786	
687	
81	
924	
616	
960	
551	
351	
266	
680	
493	
553	
361	
369	
713	
268	
745	
655	
654	
313	
949	
911	
617	
639	
530	
59	
781	
506	
514	
114	
146	
974	
255	
574	
914	
635	
348	
142	
869	
494	
530	
403	
772	
342	
68	
801	
512	
537	
927	
326	
420	
281	
816	
504	
992	
596	
600	
67	
575	
370	
471	
922	
874	
351	
510	
91	
532	
344	
322	
492	
741	
764	
578	
591	
903	
720	
651	
64	
176	
813	
807	
21	
267	
195	
624	
902	
160	
405	
433	
915	
554	
820	
390	
979	
596	
244	
720	
632	
698	
748	
941	
385	
693	
435	
366	
442	
996	
608	
534	
272	
863	
674	
824	
556	
315	
836	
900	
254	
7	
189	
44	
43	
308	
814	
91	
115	
798	
277	
672	
400	
694	
625	
389	
525	
323	
883	
892	
200	
344	
693	
805	
817	
816	
141	
658	
678	
474	
121	
532	
458	
454	
802	
963	
747	
886	
783	
769	
449	
829	
78	
925	
953	
566	
997	
384	
882	
894	
866	
870	
755	
564	
249	
301	
726	
100	
408	
809	
179	
59	
923	
646	
565	
850	
330	
244	
614	
178	
866	
499	
942	
769	
316	
798	
272	
455	
789	
447	
572	
793	
444	
747	
518	
61	
177	
194	
109	
597	
604	
961	
407	
149	
356	
771	
753	
865	
98	
779	
235	
264	
752	
776	
782	
964	
437	
528	
704	
569	
486	
651	
402	
148	
375	
113	
806	
75	
957	
646	
70	
609	
789	
892	
651	
81	
209	
192	
653	
254	
396	
882	
330	
722	
181	
110	
283	
397	
69	
257	
473	
626	
383	
508	
663	
31	
304	
769	
779	
549	
665	
207	
440	
220	
750	
216	
966	
1000	
800	
44	
915	
699	
304	
700	
894	
970	
702	
166	
344	
40	
70	
546	
757	
425	
969	
757	
175	
429	
64	
268	
728	
648	
208	
219	
678	
695	
683	
300	
7	
966	
404	
419	
51	
359	
165	
347	
475	
941	
808	
914	
196	
721	
245	
208	
634	
827	
899	
508	
256	
468	
397	
163	
350	
754	
415	
398	
92	
476	
51	
358	
177	
5	
558	
823	
181	
964	
816	
461	
423	
178	
505	
828	
25	
927	
532	
158	
382	
143	
671	
211	
302	
356	
712	
720	
615	
136	
256	
89	
913	
472	
520	
460	
6	
517	
624	
792	
516	
443	
75	
952	
357	
804	
667	
875	
674	
684	
96	
425	
838	
47	
865	
204	
433	
768	
956	
946	
597	
371	
576	
408	
901	
922	
483	
670	
797	
455	
244	
645	
51	
871	
417	
916	
479	
144	
3	
939	
132	
225	
650	
138	
798	
575	
715	
977	
239	
480	
354	
920	
369	
990	
291	
380	
236	
287	
37	
126	
309	
201	
968	
45	
794	
304	
688	
345	
647	
983	
587	
988	
561	
605	
299	
381	
727	
483	
131	
716	
518	
634	
62	
831	
807	
481	
310	
761	
538	
133	
932	
697	
180	
328	
749	
664	
757	
551	
440	
45	
376	
749	
383	
262	
143	
451	
368	
450	
384	
41	
844	
652	
633	
507	
650	
361	
490	
441	
554	
20	
722	
812	
48	
451	
655	
795	
365	
720	
344	
35	
938	
970	
300	
475	
484	
841	
629	
916	
830	
766	
929	
62	
871
