357	
478	
781	
137	
2	
443	
785	
825	
774	
296	
940	
855	
172	
699	
828	
578	
886	
393	
688	
902	
265	
499	
37	
469	
536	
262	
558	
134	
53	
211	
491	
313	
812	
51	
165	
928	
466	
786	
45	
200	
785	
771	
619	
530	
199	
674	
259	
694	
608	
419	
48	
584	
538	
688	
154	
278	
841	
737	
587	
277	
790	
635	
62	
726	
128	
310	
374	
956	
733	
33	
869	
446	
544	
755	
307	
354	
584	
476	
131	
66	
122	
408	
322	
218	
210	
848	
926	
926	
72	
682	
216	
789	
323	
507	
481	
892	
431	
436	
967	
477	
191	
937	
735	
544	
309	
101	
866	
493	
880	
686	
530	
641	
592	
272	
982	
164	
660	
718	
732	
901	
524	
468	
593	
202	
142	
658	
785	
737	
595	
17	
745	
888	
597	
985	
564	
364	
472	
705	
871	
357	
550	
274	
629	
455	
799	
193	
867	
558	
899	
470	
313	
388	
737	
8	
823	
521	
799	
473	
73	
110	
861	
999	
142	
632	
682	
533	
633	
272	
275	
628	
954	
51	
409	
785	
79	
851	
127	
226	
881	
329	
215	
261	
612	
766	
3	
412	
434	
845	
231	
652	
55	
75	
520	
120	
917	
294	
900	
153	
535	
377	
590	
338	
72	
974	
864	
187	
638	
443	
70	
640	
307	
128	
750	
241	
768	
845	
810	
399	
469	
473	
92	
277	
705	
26	
193	
615	
987	
195	
470	
913	
86	
145	
593	
470	
871	
861	
125	
222	
219	
461	
38	
710	
386	
851	
400	
739	
592	
439	
355	
306	
762	
673	
837	
705	
177	
158	
441	
67	
994	
68	
925	
527	
14	
806	
774	
900	
292	
117	
438	
295	
456	
993	
430	
938	
437	
914	
380	
192	
256	
240	
747	
3	
357	
288	
645	
995	
454	
213	
340	
78	
986	
282	
461	
273	
36	
649	
525	
252	
588	
907	
108	
876	
758	
680	
704	
313	
949	
388	
192	
124	
250	
782	
421	
639	
680	
653	
252	
873	
90	
976	
137	
456	
437	
830	
190	
626	
126	
214	
156	
152	
826	
941	
39	
745	
672	
832	
729	
434	
952	
152	
406	
268	
947	
770	
373	
223	
55	
191	
869	
354	
948	
193	
329	
368	
682	
454	
367	
935	
126	
893	
605	
939	
254	
420	
953	
465	
689	
651	
322	
397	
778	
582	
824	
376	
119	
398	
862	
147	
287	
150	
964	
61	
926	
518	
981	
227	
244	
52	
261	
179	
415	
985	
903	
496	
980	
41	
539	
367	
890	
679	
152	
8	
46	
909	
844	
966	
178	
394	
369	
954	
904	
48	
373	
38	
961	
586	
87	
256	
820	
511	
495	
446	
199	
546	
76	
689	
541	
930	
292	
343	
966	
32	
933	
744	
491	
218	
616	
612	
112	
747	
365	
135	
97	
544	
184	
981	
583	
474	
736	
940	
113	
5	
512	
88	
335	
866	
240	
366	
694	
26	
172	
715	
152	
562	
625	
228	
336	
261	
290	
653	
122	
79	
627	
674	
551	
747	
158	
103	
589	
977	
865	
215	
278	
34	
353	
114	
924	
892	
408	
595	
409	
512	
208	
419	
984	
590	
796	
157	
501	
375	
922	
870	
384	
0	
473	
809	
553	
758	
544	
494	
343	
302	
694	
599	
431	
523	
301	
971	
816	
468	
101	
738	
81	
406	
776	
93	
778	
798	
956	
769	
675	
540	
953	
566	
942	
803	
42	
552	
769	
144	
508	
648	
618	
492	
322	
868	
879	
259	
913	
705	
141	
19	
949	
552	
908	
557	
331	
300	
363	
429	
614	
870	
403	
801	
141	
819	
269	
966	
874	
490	
156	
32	
293	
206	
798	
112	
847	
541	
379	
83	
554	
908	
306	
974	
863	
245	
327	
2	
355	
772	
892	
335	
735	
184	
801	
793	
896	
981	
780	
758	
614	
834	
508	
408	
132	
67	
213	
302	
878	
662	
757	
396	
522	
116	
348	
270	
521	
53	
950	
316	
274	
255	
579	
509	
182	
842	
644	
873	
95	
424	
949	
525	
351	
414	
632	
975	
877	
149	
452	
281	
511	
540	
369	
297	
155	
451	
22	
291	
794	
128	
244	
511	
840	
1000	
371	
767	
626	
112	
804	
972	
75	
178	
741	
357	
628	
927	
604	
803	
377	
923	
410	
329	
683	
891	
674	
398	
599	
322	
336	
809	
943	
222	
777	
765	
613	
965	
505	
830	
465	
124	
388	
753	
681	
974	
119	
44	
448	
656	
588	
236	
334	
602	
121	
93	
442	
797	
180	
858	
418	
762	
716	
873	
357	
176	
905	
753	
931	
881	
109	
252	
478	
94	
138	
959	
416	
236	
458	
85	
377	
862	
286	
308	
182	
78	
278	
924	
755	
181	
451	
612	
728	
87	
204	
390	
661	
883	
416	
66	
997	
20	
655	
899	
199	
592	
243	
367	
496	
841	
951	
391	
818	
552	
824	
649	
85	
860	
949	
628	
103	
291	
932	
394	
699	
990	
292	
138	
128	
967	
700	
844	
379	
426	
432	
945	
450	
258	
760	
557	
939	
425	
862	
99	
902	
12	
983	
179	
410	
43	
984	
422	
897	
845	
972	
223	
626	
673	
477	
517	
562	
647	
230	
791	
751	
658	
140	
239	
634	
6	
4	
142	
474	
610	
846	
651	
340	
443	
644	
490	
499	
245	
613	
350	
873	
939	
531	
275	
374	
621	
310	
904	
562	
243	
690	
0	
570	
70	
994	
712	
100	
443	
860	
252	
959	
461	
254	
448	
363	
749	
964	
937	
932	
573	
571	
845	
534	
994	
370	
501	
180	
191	
240	
656	
140	
224	
979	
910	
593	
376	
633	
854	
493	
416	
709	
12	
761	
752	
41	
799	
3	
409	
614	
395	
125	
737	
394	
954	
604	
431	
898	
347	
10	
265	
751	
956	
412	
547	
183	
183	
405	
821	
453	
336	
317	
289	
127	
476	
100	
791	
195	
356	
568	
634	
210	
335	
755	
144	
74	
629	
471	
602	
180	
308	
812	
916	
703	
656	
713	
156	
101	
86	
454	
40	
505	
406	
36	
308	
989	
423	
511	
550	
234	
206	
790	
181	
393	
72	
122	
212	
823	
693	
804	
807	
9	
68	
529	
718	
469	
790	
500	
818	
1000	
746	
813	
458	
379	
85	
460	
308	
340	
492	
250	
269	
68	
618	
251	
630	
769	
118	
194	
244	
180	
298	
80	
294	
356	
358	
282	
170	
618	
261
