126	
945	
458	
363	
277	
481	
18	
44	
222	
605	
192	
150	
340	
949	
198	
152	
475	
724	
148	
263	
863	
465	
336	
317	
290	
407	
44	
422	
942	
887	
203	
288	
855	
28	
165	
84	
545	
951	
595	
37	
239	
739	
91	
432	
880	
521	
904	
651	
806	
760	
895	
357	
287	
39	
720	
579	
533	
736	
157	
247	
536	
808	
606	
933	
386	
821	
748	
804	
476	
359	
927	
821	
591	
955	
714	
360	
142	
312	
521	
726	
132	
93	
371	
112	
841	
176	
668	
876	
878	
244	
937	
445	
972	
331	
405	
810	
397	
209	
648	
681	
754	
215	
179	
22	
257	
640	
881	
191	
66	
935	
345	
606	
757	
252	
387	
391	
254	
499	
887	
302	
989	
74	
310	
75	
602	
111	
921	
163	
859	
385	
147	
211	
11	
456	
847	
231	
60	
436	
68	
973	
2	
274	
715	
255	
573	
693	
7	
868	
64	
162	
319	
93	
711	
966	
390	
14	
224	
639	
545	
859	
886	
698	
755	
580	
755	
49	
592	
16	
887	
727	
466	
29	
275	
758	
26	
686	
608	
244	
832	
983	
795	
102	
470	
154	
297	
453	
442	
28	
440	
100	
285	
735	
722	
768	
14	
37	
554	
615	
238	
968	
765	
595	
173	
514	
218	
473	
160	
74	
871	
16	
872	
819	
572	
780	
199	
980	
191	
223	
435	
52	
520	
430	
795	
313	
141	
910	
873	
770	
576	
534	
49	
131	
596	
103	
821	
59	
663	
437	
363	
885	
681	
945	
8	
533	
979	
455	
735	
737	
965	
608	
128	
34	
600	
416	
507	
728	
828	
754	
647	
368	
709	
243	
161	
846	
928	
432	
882	
775	
784	
814	
667	
308	
220	
924	
150	
25	
748	
326	
877	
594	
769	
294	
231	
695	
424	
85	
860	
688	
110	
43	
254	
294	
928	
628	
801	
958	
264	
187	
34	
489	
550	
843	
34	
63	
977	
247	
455	
380	
71	
941	
72	
532	
306	
125	
182	
752	
594	
955	
731	
731	
873	
686	
407	
996	
210	
872	
722	
423	
1	
337	
70	
682	
365	
973	
193	
435	
919	
465	
284	
400	
362	
915	
326	
191	
870	
965	
82	
683	
816	
375	
497	
94	
849	
29	
412	
859	
178	
950	
738	
354	
461	
426	
678	
682	
970	
565	
257	
209	
588	
562	
166	
856	
25	
97	
346	
527	
592	
85	
472	
533	
880	
500	
30	
583	
286	
45	
717	
428	
812	
35	
932	
277	
42	
896	
474	
510	
348	
858	
790	
482	
85	
154	
280	
621	
891	
22	
672	
206	
545	
361	
835	
877	
479	
524	
603	
553	
926	
232	
850	
86	
799	
190	
180	
778	
890	
38	
472	
56	
836	
724	
451	
66	
511	
570	
452	
272	
507	
657	
328	
513	
306	
438	
168	
483	
135	
174	
156	
561	
510	
96	
299	
992	
994	
458	
381	
433	
967	
67	
192	
368	
178	
272	
688	
710	
233	
109	
434	
265	
831	
659	
240	
332	
262	
775	
57	
714	
471	
503	
733	
226	
547	
752	
252	
895	
788	
418	
497	
368	
642	
174	
604	
263	
252	
118	
180	
772	
198	
220	
197	
966	
623	
121	
378	
808	
925	
305	
905	
335	
602	
369	
160	
195	
464	
748	
876	
391	
588	
184	
654	
343	
212	
999	
261	
450	
66	
858	
783	
484	
798	
98	
814	
448	
308	
809	
910	
333	
549	
558	
728	
623	
814	
337	
247	
325	
888	
435	
430	
636	
767	
879	
804	
73	
433	
557	
849	
995	
79	
173	
153	
944	
441	
232	
429	
103	
213	
384	
696	
900	
113	
648	
582	
186	
339	
807	
397	
665	
192	
713	
370	
666	
380	
356	
396	
178	
292	
369	
712	
776	
243	
417	
486	
227	
483	
854	
139	
4	
738	
980	
357	
173	
89	
275	
188	
531	
822	
57	
660	
687	
622	
247	
156	
969	
880	
199	
82	
296	
213	
677	
45	
550	
239	
106	
976	
397	
184	
137	
326	
411	
862	
503	
18	
406	
637	
107	
783	
334	
733	
426	
232	
100	
679	
407	
66	
442	
305	
264	
562	
200	
658	
730	
66	
606	
633	
348	
972	
527	
833	
564	
551	
517	
834	
363	
83	
367	
334	
995	
311	
922	
803	
112	
233	
484	
967	
384	
607	
594	
138	
447	
742	
949	
884	
9	
805	
263	
757	
615	
230	
584	
233	
130	
40	
3	
561	
124	
376	
990	
588	
643	
868	
671	
354	
420	
714	
703	
992	
770	
585	
346	
795	
693	
441	
142	
836	
194	
883	
645	
669	
198	
749	
794	
81	
145	
884	
744	
26	
93	
271	
811	
874	
381	
578	
173	
46	
907	
988	
511	
547	
584	
25	
431	
923	
708	
504	
598	
333	
905	
567	
296	
32	
182	
174	
691	
949	
483	
991	
838	
834	
646	
579	
738	
283	
511	
2	
221	
869	
45	
933	
614	
340	
606	
868	
393	
191	
133	
336	
649	
201	
699	
369	
997	
35	
810	
74	
818	
485	
869	
659	
419	
912	
173	
946	
599	
890	
221	
464	
400	
47	
705	
704	
829	
846	
851	
853	
602	
115	
317	
675	
507	
556	
857	
219	
948	
508	
970	
684	
6	
539	
694	
268	
506	
119	
703	
230	
528	
435	
807	
831	
729	
951	
953	
510	
120	
993	
294	
831	
748	
292	
955	
298	
143	
114	
262	
513	
125	
392	
830	
880	
314	
577	
427	
482	
614	
367	
35	
420	
586	
79	
197	
8	
20	
319	
973	
829	
34	
508	
403	
689	
541	
615	
728	
422	
364	
512	
644	
118	
168	
230	
335	
477	
52	
66	
931	
231	
996	
935	
461	
513	
180	
633	
412	
23	
486	
62	
349	
599	
44	
875	
106	
65	
955	
708	
499	
528	
690	
490	
255	
539	
440	
949	
295	
690	
874	
505	
680	
312	
188	
413	
401	
248	
604	
744	
97	
900	
248	
796	
922	
996	
72	
17	
368	
989	
65	
935	
971	
445	
438	
293	
695	
294	
761	
62	
694	
105	
44	
766	
913	
243	
590	
327	
813	
913	
944	
413	
171	
105	
38	
308	
882	
265	
90	
321	
1	
473	
184	
709	
598	
495	
409	
230	
207	
160	
39	
626	
398	
330	
733	
139	
38	
989	
437	
255	
170	
54	
258	
632	
416	
144	
108	
99	
731	
141	
79	
348	
824	
123	
118	
961	
995	
851	
803
