7
9
12
18
27
34
36
38
40
53
59
60
60
63
65
65
66
68
74
77
94
102
102
105
113
116
117
117
117
121
124
125
130
130
138
140
148
151
161
174
182
183
191
193
193
198
198
201
207
207
222
224
226
234
238
246
268
277
277
279
284
285
287
290
307
307
310
310
311
315
319
319
320
338
342
349
361
365
365
383
385
405
410
414
415
415
415
423
423
424
428
435
439
440
450
451
455
456
457
460
460
467
467
467
467
469
469
470
475
477
491
499
510
511
514
514
519
519
519
526
526
526
526
526
535
549
550
552
552
557
560
560
560
561
570
586
586
587
590
592
592
603
603
606
608
610
610
620
622
622
622
622
622
630
630
630
630
633
633
633
633
639
639
641
643
643
643
644
651
655
663
675
675
675
679
679
679
679
679
679
679
679
679
680
682
682
689
689
689
689
689
689
689
698
698
700
701
714
714
715
715
719
719
719
719
720
729
729
729
729
730
730
730
730
732
732
732
732
732
732
732
732
732
732
732
732
732
732
732
732
732
732
732
733
733
733
733
736
736
738
738
741
741
741
741
741
741
741
741
741
741
741
741
741
741
741
741
741
744
744
745
755
755
755
755
755
755
755
755
755
755
755
755
755
755
755
755
755
755
755
755
755
755
755
755
755
757
757
757
757
757
757
757
757
757
757
757
757
757
757
757
757
757
757
757
757
757
757
757
757
757
757
757
757
757
757
757
757
757
757
757
757
757
757
757
757
757
757
757
757
757
757
757
757
757
757
757
757
757
757
757
757
757
757
757
757
757
757
757
757
757
757
757
764
765
765
765
765
765
765
765
765
765
765
766
766
766
766
768
768
768
768
768
768
768
768
768
768
768
768
768
768
768
768
768
768
768
768
768
768
768
768
768
768
768
768
768
768
768
768
768
768
768
768
768
777
778
778
778
778
778
778
778
778
778
779
779
779
779
779
779
779
779
779
779
779
779
779
779
779
779
779
779
779
779
782
782
782
784
784
784
784
784
784
784
784
784
785
787
787
787
787
787
787
787
787
787
788
788
790
790
790
790
790
790
790
790
798
798
798
799
799
799
799
801
801
801
801
801
801
801
801
801
801
801
802
802
802
802
802
802
802
802
802
802
806
806
806
806
806
806
806
806
806
808
808
808
808
808
808
808
808
808
808
808
808
808
808
808
808
808
808
808
808
808
808
808
808
808
808
808
808
808
808
808
808
808
808
808
808
808
808
808
808
808
808
808
808
808
808
808
808
808
808
808
809
809
810
813
814
822
824
824
824
824
824
824
824
824
824
824
824
824
824
824
824
824
824
824
829
829
830
830
830
830
830
830
830
830
830
830
831
831
831
831
831
831
831
831
832
832
832
832
832
832
832
832
832
832
832
832
833
833
834
835
837
837
837
837
837
838
842
842
844
844
844
844
844
844
844
844
844
844
844
844
844
844
844
844
844
845
845
845
845
845
845
845
845
845
845
845
845
846
848
848
848
848
848
848
848
848
848
848
848
848
848
848
849
849
850
850
854
855
855
856
856
856
856
856
856
856
857
857
857
857
857
857
857
859
861
861
861
861
861
861
861
861
861
861
863
864
864
864
864
864
865
865
866
866
866
866
866
866
866
866
866
866
868
868
868
868
868
871
871
873
873
873
873
877
877
877
877
877
877
877
877
877
877
877
877
877
877
877
877
877
877
877
877
877
877
877
877
877
877
877
877
877
877
877
877
877
877
877
877
877
877
877
877
877
877
877
877
877
877
877
877
877
877
877
877
877
877
877
877
877
877
877
877
877
877
877
877
877
877
877
877
877
877
877
877
877
877
878
878
878
878
878
878
878
878
878
878
878
878
878
878
878
878
878
878
878
878
878
878
878
878
878
878
878
878
878
878
878
878
878
878
878
878
878
878
878
878
878
878
878
878
878
879
881
884
891
891
891
891
891
891
891
891
891
891
892
892
892
893
893
893
893
893
893
893
893
894
895
896
896
896
896
896
896
896
897
897
897
900
900
900
900
900
900
900
900
900
900
900
900
900
900
900
900
900
900
900
900
900
900
900
900
900
900
900
900
900
900
900
900
900
900
900
900
900
900
900
900
900
900
900
900
900
903
903
903
904
908
908
908
910
910
910
910
910
910
911
911
914
914
914
914
914
914
914
914
914
914
915
915
915
915
915
915
915
915
915
915
915
915
915
915
915
915
915
915
915
915
915
915
915
915
915
915
915
915
916
916
916
916
916
917
917
917
917
917
921
921
921
921
921
921
921
921
921
921
921
921
921
921
921
921
921
921
921
921
921
921
921
921
921
921
921
921
921
921
921
921
921
921
921
921
921
921
921
921
921
921
921
921
921
921
921
921
921
921
921
921
921
921
921
921
921
921
921
921
921
921
921
921
921
921
921
921
921
921
921
921
921
921
921
921
921
921
921
921
921
921
922
922
922
922
922
922
922
922
922
922
922
922
922
922
922
922
922
923
923
923
923
923
923
923
923
923
923
925
925
925
925
925
925
925
925
925
925
925
925
925
926
926
926
926
926
926
926
926
926
926
926
926
926
926
927
927
931
931
931
931
931
931
931
931
931
931
931
931
931
931
931
931
931
931
931
931
931
931
931
931
931
931
931
931
931
931
931
931
931
931
931
931
931
931
931
931
931
931
931
931
931
931
931
931
931
931
931
931
931
931
931
931
931
931
931
931
931
931
931
931
931
931
931
931
931
931
931
931
931
931
931
931
931
931
931
931
931
931
931
931
931
931
931
931
931
931
931
931
931
931
931
931
931
931
931
931
931
931
931
931
931
931
931
931
931
931
931
931
931
931
931
931
931
931
931
931
931
931
931
931
931
931
931
931
931
931
931
931
931
931
931
931
931
931
931
931
931
931
931
931
931
931
931
931
931
931
931
931
931
931
931
931
931
931
931
931
931
931
931
931
931
931
931
931
931
931
931
931
931
931
931
931
931
931
931
931
931
931
931
931
931
931
931
931
931
931
931
931
931
931
931
931
931
931
931
931
931
931
931
931
931
931
931
931
931
931
931
931
931
931
931
931
931
931
931
931
931
931
931
931
931
931
931
931
931
931
931
931
931
931
931
931
931
931
931
931
931
931
931
931
931
931
931
931
931
931
931
931
931
931
932
933
933
933
933
933
933
933
933
933
933
933
933
933
933
933
933
933
933
933
933
933
933
934
934
934
934
934
934
934
934
934
934
934
934
934
934
934
934
934
934
934
934
934
934
934
934
934
934
934
934
934
934
934
934
934
934
934
934
934
934
934
934
934
934
934
934
934
934
934
934
934
934
934
934
934
934
934
934
934
934
934
934
934
934
934
934
934
934
934
934
934
934
934
934
934
934
934
934
934
934
934
934
934
935
935
935
935
935
935
935
935
935
935
935
935
935
935
935
935
935
935
935
935
935
935
935
935
935
935
935
935
935
935
935
935
935
935
935
935
935
935
935
935
936
936
936
936
936
936
936
936
936
936
936
936
936
936
936
936
936
936
936
936
936
936
936
936
936
936
936
936
936
936
936
936
937
937
937
937
937
937
937
937
937
937
937
937
937
937
937
937
937
937
937
937
937
937
937
937
937
937
937
937
937
937
937
937
937
937
937
937
937
937
937
937
937
937
937
937
937
937
937
937
937
937
937
937
937
937
937
937
937
937
937
937
937
937
937
937
937
937
937
937
937
937
937
937
937
937
937
937
937
937
937
937
937
937
937
937
937
937
937
937
937
937
937
937
937
937
937
937
937
937
937
937
937
937
937
937
937
937
937
937
937
937
937
937
937
937
937
937
937
937
937
937
937
937
937
937
937
937
937
937
937
937
937
937
937
937
937
937
937
937
937
937
937
937
937
937
937
937
937
937
937
937
937
937
937
937
937
937
937
937
937
937
937
937
937
937
937
937
937
937
937
937
937
937
937
937
937
937
937
937
937
937
937
937
937
937
937
937
937
937
937
937
937
937
937
937
937
937
937
937
937
937
937
937
937
937
937
937
937
937
937
937
937
937
937
937
937
937
937
937
937
937
937
937
937
937
937
937
937
937
937
937
937
937
937
937
937
937
937
937
937
937
937
937
937
937
937
937
937
937
937
937
937
937
937
937
937
937
937
937
937
937
937
937
937
937
937
937
937
937
937
937
937
937
937
937
937
937
937
937
937
937
937
937
937
937
937
937
937
937
937
937
937
937
937
937
937
937
937
937
937
937
937
937
937
937
937
937
937
937
937
937
937
937
937
937
937
937
937
937
937
937
937
937
937
937
937
937
937
937
937
937
937
937
937
937
937
937
937
937
937
937
937
937
937
937
937
937
937
937
937
937
937
937
937
937
937
937
937
937
937
937
937
937
937
937
937
937
937
937
937
937
937
937
937
937
937
937
937
937
937
937
937
937
937
937
937
937
937
937
937
937
937
937
937
937
937
937
937
937
937
937
937
937
937
937
937
937
937
937
937
937
937
938
938
938
938
938
938
938
938
938
938
938
938
938
938
938
938
938
938
938
938
938
938
938
938
938
938
938
938
938
938
938
938
938
938
938
938
938
938
938
938
939
939
939
939
939
939
939
939
939
939
939
939
940
940
940
940
940
940
940
940
940
940
940
941
941
941
941
941
941
941
941
941
941
941
941
941
942
943
943
943
943
943
943
943
943
943
943
943
943
943
943
943
945
945
945
945
945
945
945
945
945
945
945
945
945
945
945
945
945
945
945
945
945
945
945
945
945
945
945
945
945
945
945
945
945
945
945
945
945
945
945
945
945
945
945
945
945
945
945
945
945
945
945
945
945
945
945
945
945
945
945
945
945
945
945
945
945
945
945
945
945
945
945
945
945
945
945
945
945
945
945
945
945
945
945
945
945
945
945
945
945
945
945
945
945
945
945
945
945
945
945
945
945
945
945
945
945
945
945
945
945
945
945
945
945
945
945
945
945
945
945
945
945
945
945
945
945
945
945
945
945
945
946
946
946
946
946
946
946
946
946
946
946
946
946
946
946
946
946
946
946
946
946
946
946
946
946
946
946
946
946
946
946
946
946
946
946
946
946
946
946
946
946
946
946
946
946
946
946
946
946
946
946
946
946
946
946
946
946
946
946
946
946
946
946
946
946
946
946
946
946
946
946
946
946
946
946
946
946
946
946
946
946
946
946
946
946
946
946
946
946
946
946
946
946
946
946
946
946
946
946
946
946
946
946
946
946
946
946
947
947
947
947
947
947
947
947
947
947
947
947
947
947
947
947
948
948
948
948
948
948
948
948
948
948
949
949
949
949
949
949
949
949
949
949
949
949
949
949
949
949
949
949
949
949
950
950
950
950
950
950
950
950
950
950
950
950
950
950
950
950
950
950
950
950
950
950
950
950
950
950
950
950
950
950
950
950
950
950
950
950
950
950
950
950
950
950
950
950
950
950
950
950
950
950
950
950
950
950
950
950
950
950
950
950
950
950
950
950
950
950
950
950
950
950
950
950
950
950
950
950
950
951
951
951
951
951
951
951
951
951
951
951
951
951
951
951
951
951
951
951
951
951
951
951
951
951
951
951
951
951
951
951
951
951
951
951
951
951
951
951
951
951
951
951
951
951
951
951
951
951
951
951
951
951
951
951
951
951
951
951
951
951
951
951
951
951
951
951
951
951
951
951
951
951
951
951
951
951
951
951
951
951
951
951
951
951
951
951
951
951
951
951
951
951
951
951
951
951
951
951
951
951
951
951
951
951
952
952
952
952
952
952
952
952
952
952
952
952
953
953
953
953
953
953
953
953
953
953
953
953
953
953
953
953
953
953
953
953
953
953
953
953
953
953
953
953
953
953
953
953
953
953
953
953
953
953
953
953
953
953
953
953
953
953
953
953
953
953
953
953
953
953
953
953
953
953
953
953
953
953
953
953
953
953
953
953
953
953
953
953
953
953
953
953
953
953
953
953
953
953
953
953
953
953
953
953
953
953
953
953
953
953
953
953
953
953
953
953
953
953
953
953
953
953
953
953
953
953
953
953
953
953
953
953
953
953
953
953
953
953
953
953
953
953
953
953
953
953
953
953
953
953
953
953
953
953
953
953
953
953
953
953
953
953
953
953
953
953
953
953
953
953
953
953
953
953
953
953
953
953
953
953
953
953
953
953
955
955
955
955
955
955
955
955
955
955
955
955
955
955
955
955
956
956
956
956
957
957
957
958
958
958
958
958
958
958
958
959
959
959
959
959
959
959
959
959
960
960
960
960
961
961
961
961
961
961
962
962
962
962
962
962
962
962
962
962
962
962
962
962
963
964
964
964
964
964
964
964
965
965
965
965
965
965
965
965
965
965
965
965
965
965
966
966
966
966
966
966
966
966
966
966
966
966
966
966
966
966
966
966
966
966
966
966
966
966
966
966
966
966
966
966
966
966
966
966
966
966
966
966
966
966
966
966
966
966
966
966
966
966
966
967
967
967
967
967
967
967
967
967
967
967
967
967
967
967
967
967
967
968
968
968
968
968
968
968
968
969
969
970
970
970
970
970
970
970
970
970
970
970
970
970
970
970
970
970
970
970
970
970
970
970
970
970
970
971
971
971
971
971
971
971
971
971
971
971
971
971
971
971
971
971
972
972
972
972
972
972
972
972
972
972
972
972
972
972
972
972
972
972
972
972
972
972
972
972
972
972
972
972
972
972
972
972
972
972
972
972
972
972
972
972
972
972
972
972
972
972
972
972
972
972
972
972
972
972
972
972
972
972
972
972
972
972
972
972
972
972
972
972
972
972
972
972
972
972
972
972
972
972
972
972
972
974
974
974
974
974
974
974
974
974
974
975
975
975
975
975
975
975
975
975
975
975
975
975
975
975
975
975
975
975
975
975
975
975
975
975
975
975
975
975
975
975
975
975
975
975
975
976
976
976
976
976
976
976
976
976
976
976
976
976
976
976
976
976
976
976
976
976
976
976
976
976
976
976
976
976
976
976
976
976
976
976
976
976
976
976
976
976
976
976
976
976
976
976
976
976
976
976
976
976
976
976
976
976
976
976
976
976
976
976
976
976
976
976
976
976
976
976
976
976
976
976
976
976
976
976
976
976
976
976
976
976
976
976
976
976
976
976
976
976
976
976
976
976
976
976
976
976
976
976
976
976
976
976
976
976
976
976
976
976
976
976
976
976
976
976
976
976
976
976
976
976
976
976
976
976
976
976
976
976
976
976
976
976
976
976
976
976
976
976
976
976
976
976
976
976
976
976
976
976
977
977
977
977
977
977
977
977
977
977
977
977
977
977
977
977
977
977
977
977
977
977
977
977
977
977
977
977
977
977
978
978
978
978
978
978
978
978
978
978
978
978
978
978
978
978
978
978
978
978
978
978
978
978
978
978
978
978
978
978
978
978
978
978
978
978
978
978
978
978
978
978
978
978
978
978
978
978
978
978
978
978
978
978
978
978
978
978
978
978
978
978
978
978
978
978
978
978
978
978
978
978
978
978
978
978
978
978
978
978
978
978
978
978
978
978
978
978
978
978
978
978
978
978
978
978
978
978
978
978
978
978
978
978
978
978
978
978
978
978
978
978
978
978
978
978
978
978
978
978
978
978
978
978
978
978
978
978
978
978
978
978
978
978
978
978
978
978
978
978
978
978
978
978
978
978
978
978
978
978
978
978
978
978
978
978
978
978
978
978
978
978
978
978
978
978
978
978
978
978
978
978
978
978
978
978
978
978
978
978
978
978
978
978
978
978
978
978
978
978
978
978
978
978
978
978
978
978
978
978
978
978
978
978
978
978
978
978
978
978
978
978
978
978
978
978
978
978
978
978
978
978
978
978
978
978
978
978
978
978
978
978
978
978
978
978
978
978
979
979
979
979
979
979
979
979
979
979
979
979
979
979
979
979
979
979
979
979
979
979
979
979
979
979
979
979
979
979
979
979
979
979
979
979
979
979
979
979
979
979
979
979
979
979
979
979
979
979
979
979
979
979
979
979
979
979
979
979
979
979
979
979
979
979
979
979
979
979
979
979
979
979
979
979
979
979
979
979
979
979
979
979
979
979
979
979
979
979
979
979
979
979
979
979
979
979
979
979
979
979
979
979
979
979
979
979
979
979
979
979
979
979
979
979
979
979
979
979
979
979
979
979
979
979
979
979
979
979
979
979
979
979
979
979
979
979
979
979
979
979
979
979
980
980
980
980
980
980
980
980
980
980
980
980
980
980
980
980
980
980
980
980
980
980
980
980
980
980
980
980
980
980
980
980
980
980
980
980
980
980
980
980
980
980
980
980
980
980
980
980
980
980
980
980
980
980
980
980
980
980
980
980
980
980
980
980
980
980
980
980
980
980
980
980
980
980
980
980
980
980
980
980
980
980
980
980
980
980
980
980
980
980
980
980
980
980
980
980
980
980
980
980
980
980
980
980
980
980
980
980
980
980
980
980
980
980
980
980
980
980
980
980
980
980
980
980
980
980
980
980
980
980
980
980
980
980
980
980
980
980
980
980
980
980
980
980
980
980
980
980
980
980
980
980
980
980
980
980
980
980
980
980
980
980
981
981
981
981
981
981
981
981
981
981
981
981
981
981
981
981
981
981
981
981
981
981
981
981
981
981
981
981
981
981
981
981
981
981
981
981
981
981
981
981
981
981
981
981
981
981
981
981
981
981
981
981
981
981
981
981
981
981
981
981
981
981
981
981
981
981
981
981
981
981
981
981
981
981
981
981
981
981
981
981
981
981
981
981
981
981
981
981
981
981
981
981
981
981
981
981
981
981
981
981
981
981
981
981
981
981
981
981
981
981
981
981
981
981
981
981
981
981
981
981
981
981
981
981
981
981
981
981
981
981
981
981
981
981
981
981
981
981
981
981
981
981
981
981
981
981
981
981
981
981
981
981
981
981
981
981
981
981
981
981
981
981
981
981
981
981
981
981
981
981
981
981
981
981
981
981
981
981
981
981
981
981
981
981
981
981
981
981
981
981
981
981
981
981
981
981
981
981
981
981
981
981
981
981
981
981
981
981
981
981
981
981
981
981
981
981
981
981
981
981
981
981
981
981
981
981
981
981
982
982
982
982
982
982
982
982
982
982
982
983
983
983
983
983
983
983
983
983
983
984
984
984
984
984
984
984
984
984
984
984
984
984
984
984
984
984
985
985
985
985
985
985
985
985
985
985
985
985
985
985
985
985
985
985
985
985
985
985
985
985
985
985
985
985
985
985
985
985
985
985
985
985
985
986
986
987
987
988
988
988
988
988
988
989
989
989
989
989
989
989
989
989
989
989
989
989
989
989
989
989
989
989
989
989
989
989
990
990
990
990
990
990
990
990
990
990
990
990
990
990
990
990
990
990
990
990
990
990
990
990
990
990
990
990
990
990
990
990
990
990
990
990
990
990
990
990
990
990
990
990
990
990
990
990
990
990
990
990
990
990
990
990
990
990
990
990
990
990
990
990
990
990
990
990
990
990
990
990
990
990
990
990
990
990
990
990
990
990
990
990
990
990
990
990
990
990
990
990
990
990
990
990
990
990
990
990
990
990
990
990
990
990
990
990
990
990
990
990
990
990
990
990
990
990
990
990
990
990
990
990
990
990
990
990
990
990
990
990
990
990
990
990
990
990
990
990
990
990
990
990
990
990
990
990
990
990
990
990
990
990
990
990
990
990
990
990
990
990
990
990
990
990
990
990
990
990
990
990
990
990
990
990
990
990
990
990
990
990
990
990
990
990
990
990
990
990
990
990
990
990
990
990
990
990
990
990
990
990
990
990
990
990
990
990
990
990
990
990
990
990
990
990
990
990
990
990
990
990
990
990
990
990
990
990
990
990
990
990
990
990
990
990
990
990
990
990
990
990
990
990
990
990
990
990
990
990
990
990
990
990
990
990
990
990
990
990
990
990
990
990
990
990
990
990
990
990
990
990
990
990
990
990
990
990
990
990
990
990
990
990
990
990
990
990
990
990
990
990
990
990
990
990
990
990
990
990
990
990
990
990
990
990
990
990
990
990
990
990
990
990
990
990
990
990
990
990
990
990
990
990
990
990
990
990
990
990
990
990
990
990
990
990
990
990
990
990
990
990
990
990
990
990
990
990
990
990
990
990
990
990
990
990
990
990
990
990
990
990
990
990
990
990
990
990
990
990
990
990
990
990
990
990
990
990
990
990
990
990
990
990
990
990
990
990
990
990
990
990
990
990
990
990
990
990
990
990
990
990
990
990
990
990
990
990
990
990
990
990
990
990
990
990
990
990
990
990
990
990
990
990
990
990
990
990
990
990
990
990
990
990
990
990
990
990
990
990
990
990
990
990
990
990
990
990
990
990
990
990
990
990
990
990
990
990
990
990
990
990
990
990
990
990
990
990
990
990
990
990
990
990
990
990
990
990
990
990
990
990
990
990
990
990
990
990
990
990
990
990
990
990
990
990
990
990
990
990
990
990
990
990
990
990
990
990
990
990
990
990
990
990
990
990
990
990
990
990
990
990
990
990
990
990
990
990
990
990
990
990
990
990
990
990
990
990
990
990
990
990
990
990
990
990
990
990
990
990
990
990
990
990
990
990
990
990
990
990
990
990
990
990
990
990
990
990
990
990
990
990
990
990
990
990
990
990
990
990
990
990
990
990
990
990
990
990
990
990
990
990
990
990
990
990
990
990
990
990
990
990
990
990
990
990
990
990
990
990
990
990
990
990
990
990
990
990
990
990
990
990
990
990
990
990
990
990
990
990
990
990
990
990
990
990
990
990
990
990
990
990
990
990
990
990
990
990
990
990
990
990
990
990
990
990
990
990
990
990
990
990
990
990
990
990
990
990
990
990
990
990
990
990
990
990
990
990
990
990
990
990
990
990
990
990
990
990
990
990
990
990
990
990
990
990
990
990
990
990
990
990
990
990
990
990
990
990
990
990
990
990
990
990
990
990
990
990
990
990
990
990
990
990
990
990
990
990
990
990
990
990
990
990
990
990
990
990
990
990
990
990
990
990
990
990
990
990
990
990
990
990
990
990
990
990
990
990
990
990
990
990
990
990
990
990
990
990
990
990
990
990
990
990
990
990
990
990
990
990
990
990
990
990
990
990
990
990
990
990
990
990
990
990
990
990
990
990
990
990
990
990
990
990
991
991
991
992
992
992
992
992
992
992
993
993
993
993
993
993
993
993
993
993
993
993
993
993
993
993
993
993
993
993
993
993
993
993
994
994
994
994
994
994
994
994
994
994
994
994
994
994
995
995
995
995
995
995
995
995
996
996
996
996
996
996
996
996
996
996
996
996
996
996
996
996
996
996
996
997
997
997
997
997
997
997
997
998
998
998
999
999
999
1000
1000
1000
1000
